cCC;aCC;cCF;aCF;cCW;aCW
0.79947;0.34349;0.14951;-0.03797;0.05394;0.02785
0.34349;0.71754;-0.00456;0.07159;0.01290;0.0991
0.14951;-0.00456;0.39365;0.09595;0.02979;0.00796
-0.03797;0.07159;0.09595;0.36439;-0.00399;0.04989
0.05394;0.01290;0.02979;-0.00399;0.01411;0.00572
0.02785;0.0991;0.00796;0.04989;0.00572;0.6395