cCC;aCC;cCF;aCF;cCW;aCW
0.40150;0.33639;-0.00993;-0.03782;0.01828;0.02538
0.33639;0.40130;-0.00655;0.03484;0.01262;0.03387
-0.00993;-0.00655;0.12067;0.09218;-0.00050;0.00434
-0.03782;0.03484;0.09218;0.13028;-0.00404;0.01322
0.01828;0.01262;-0.00050;-0.00404;0.00311;0.00487
0.02538;0.03387;0.00434;0.01322;0.00487;0.01947